IntTime:	0,00	PointAvg:	100	ScanAvg:	1	Buffering:	0	LampIntensity:	100	LampMode:	0	SerialNro:	0A13500052B	SensorSeries:	NM	SensorVer:	37	FirmwareVer:	2.04	SoftwareVer:	2.7.0
Time	Date	1550,0000	1560,0000	1570,0000	1580,0000	1590,0000	1600,0000	1610,0000	1620,0000	1630,0000	1640,0000	1650,0000	1660,0000	1670,0000	1680,0000	1690,0000	1700,0000	1710,0000	1720,0000	1730,0000	1740,0000	1750,0000	1760,0000	1770,0000	1780,0000	1790,0000	1800,0000	1810,0000	1820,0000	1830,0000	1840,0000	1850,0000	1860,0000	1870,0000	1880,0000	1890,0000	1900,0000	1910,0000	1920,0000	1930,0000	1940,0000	1950,0000
16:02:27	01.07.2022	0,00000000	0,00000000	0,00000000	0,00000000	0,00000000	0,00000000	0,00000000	0,00000000	0,00000000	0,00000000	0,00000000	0,00000000	0,00000000	0,00000000	0,00000000	0,00000000	0,00000000	0,00000000	0,00000000	0,00000000	0,00000000	0,00000000	0,00000000	0,00000000	0,00000000	0,00000000	0,00000000	0,00000000	0,00000000	0,00000000	0,00000000	0,00000000	0,00000000	0,00000000	0,00000000	0,00000000	0,00000000	0,00000000	0,00000000	0,00000000	0,00000000
16:02:27	01.07.2022	0,00000000	0,00000000	0,00000000	0,00000000	0,00000000	0,00000000	0,00000000	0,00000000	0,00000000	0,00000000	0,00000000	0,00000000	0,00000000	0,00000000	0,00000000	0,00000000	0,00000000	0,00000000	0,00000000	0,00000000	0,00000000	0,00000000	0,00000000	0,00000000	0,00000000	0,00000000	0,00000000	0,00000000	0,00000000	0,00000000	0,00000000	0,00000000	0,00000000	0,00000000	0,00000000	0,00000000	0,00000000	0,00000000	0,00000000	0,00000000	0,00000000
16:02:27	01.07.2022	0,217823535	0,218311742	0,219058111	0,220299810	0,221728593	0,223624244	0,225800544	0,228866994	0,233149007	0,241037652	0,252977937	0,262366086	0,262188762	0,258396178	0,254229218	0,252433896	0,252630800	0,252110690	0,251171619	0,248527288	0,246498644	0,244842961	0,243642390	0,242290035	0,241829470	0,241772950	0,241644472	0,241129369	0,240385652	0,239488021	0,238242194	0,237949729	0,237398699	0,237336546	0,238285884	0,239765346	0,240634352	0,239881575	0,239441425	0,239584506	0,239840522
16:02:31	01.07.2022	0,229203463	0,229134589	0,229654044	0,230767801	0,231974542	0,233592346	0,235759780	0,238107041	0,242155075	0,249737084	0,261123776	0,270118624	0,269218504	0,265041798	0,260302573	0,258005261	0,256199062	0,255181164	0,252915978	0,250066370	0,248012856	0,247034281	0,246092215	0,245608404	0,245189771	0,244674593	0,244572937	0,243970633	0,243449509	0,242574811	0,242106512	0,242781520	0,243755370	0,244391903	0,245974198	0,248714685	0,250070572	0,249763086	0,249733731	0,250303417	0,251134187
16:02:35	01.07.2022	0,199128181	0,199110001	0,199902564	0,200747728	0,201910183	0,203336909	0,205465317	0,208355680	0,212120920	0,220024079	0,231520668	0,240823910	0,240516737	0,236590579	0,232280642	0,230281234	0,229948670	0,230071887	0,228986397	0,226715669	0,224536538	0,223152846	0,221766084	0,220860064	0,220609665	0,220419765	0,220539331	0,220301360	0,219431683	0,218386084	0,217762157	0,217518568	0,217316449	0,217493281	0,219052881	0,221589297	0,222687423	0,222206235	0,221385062	0,221241653	0,221287504
16:02:40	01.07.2022	0,205602601	0,205653027	0,206141338	0,207080305	0,207787454	0,209327862	0,211456552	0,214992061	0,219092056	0,227267757	0,239647686	0,249874488	0,249342695	0,245425344	0,240832433	0,238889903	0,239003614	0,238796666	0,237279773	0,235052139	0,232756853	0,231083229	0,229914814	0,228933468	0,228664473	0,228505507	0,228435546	0,228059396	0,227445811	0,226650715	0,225969121	0,225943416	0,226110041	0,226780593	0,228928074	0,232488528	0,234087124	0,233208120	0,232210070	0,232024893	0,232097685
16:02:44	01.07.2022	0,205375791	0,205525443	0,205921695	0,206785738	0,207592741	0,208884820	0,211039275	0,213711351	0,217649132	0,225353777	0,237629458	0,246943995	0,246708557	0,242222250	0,237768620	0,235651404	0,235524461	0,235053703	0,234231681	0,231633052	0,229258984	0,228018612	0,226811185	0,225717872	0,225470871	0,225290284	0,225373521	0,225224108	0,224581122	0,223555028	0,222809866	0,222629026	0,222506210	0,223023519	0,224625185	0,227406263	0,228675783	0,228020981	0,227342993	0,226946190	0,227173895
16:02:48	01.07.2022	0,210238546	0,210316896	0,210899323	0,211564451	0,212521434	0,213628545	0,215666592	0,218434796	0,222638890	0,230830207	0,243350804	0,253340900	0,253053635	0,249140859	0,244681820	0,242647395	0,242501229	0,242419258	0,241374210	0,239192918	0,236647278	0,235330462	0,233909383	0,232822865	0,232468411	0,232684210	0,232577756	0,232493654	0,231870517	0,231438503	0,230284438	0,230540663	0,230609119	0,231194481	0,232933894	0,235954806	0,237274945	0,236607909	0,235960245	0,236244589	0,236809567
16:02:53	01.07.2022	0,205550447	0,205921441	0,206473440	0,207395002	0,208764240	0,210276976	0,212503657	0,214995384	0,218567893	0,226444080	0,238076270	0,247930437	0,247139260	0,242989019	0,238547593	0,236660972	0,236451849	0,236115053	0,234900728	0,232458428	0,230083227	0,228566453	0,227169827	0,225976959	0,225375473	0,225297585	0,225035831	0,224627137	0,223934576	0,223166347	0,222178206	0,221860513	0,221967310	0,222100675	0,224074796	0,226731598	0,228164703	0,227232158	0,226453498	0,226333216	0,226608008
16:02:57	01.07.2022	0,211368069	0,211550832	0,212272495	0,212953493	0,213902906	0,215299681	0,217366830	0,220149234	0,224344343	0,231898248	0,243792668	0,253286183	0,252904683	0,249026850	0,244690374	0,242783293	0,242543355	0,242110401	0,241057575	0,238627449	0,236488834	0,234957248	0,233726457	0,232609510	0,231971502	0,232416466	0,232040659	0,231698632	0,230964169	0,230101883	0,229209259	0,229058206	0,229128927	0,229641750	0,230985224	0,233526528	0,234660536	0,233842999	0,233185440	0,233151257	0,233523607
16:03:01	01.07.2022	0,242403656	0,242442414	0,243037254	0,243495390	0,244081557	0,245773122	0,247626975	0,250364572	0,254567474	0,262746960	0,275268853	0,285039842	0,284442335	0,280216694	0,275369406	0,273274392	0,273084879	0,272449464	0,271083117	0,268898696	0,266197771	0,264684856	0,263500184	0,262075871	0,261846185	0,261848539	0,261815578	0,261457413	0,260828644	0,259608775	0,258982450	0,258839011	0,259000540	0,259788871	0,261794806	0,265057325	0,266642958	0,265819788	0,265483588	0,265447140	0,265662789
16:03:05	01.07.2022	0,208401933	0,208734050	0,209209040	0,209825411	0,210698918	0,212207839	0,214264736	0,216695368	0,220699057	0,228060752	0,239781663	0,249595329	0,249273062	0,245217964	0,240760952	0,238699779	0,238747284	0,238733292	0,237273961	0,235193729	0,232859865	0,231230140	0,230095640	0,228937984	0,228489116	0,228289798	0,228226438	0,228067100	0,227465302	0,226661012	0,226003781	0,225702301	0,225825235	0,226190910	0,228169531	0,231038988	0,232396051	0,231712088	0,230833605	0,230959892	0,231041849
16:03:10	01.07.2022	0,215181902	0,215254083	0,215936080	0,216889188	0,217927933	0,219485909	0,221518978	0,224198490	0,228273019	0,235869557	0,247834697	0,257516205	0,257015139	0,252778858	0,248752743	0,247058466	0,246838927	0,246772841	0,245937362	0,243557125	0,241542429	0,240356252	0,238882989	0,237833917	0,237557516	0,237616971	0,237393022	0,237066716	0,236211821	0,235169798	0,234469026	0,234539598	0,234390497	0,235283598	0,237250358	0,240323976	0,241891995	0,240879759	0,239663690	0,239487618	0,239371255
16:03:14	01.07.2022	0,208095610	0,208325267	0,209098637	0,210200876	0,211131871	0,212620243	0,214705080	0,217502430	0,221377611	0,229011491	0,241330296	0,250765324	0,250389516	0,246598110	0,241929993	0,240100294	0,239948496	0,239768177	0,238636240	0,236487180	0,234286472	0,232922122	0,231559634	0,230388746	0,230073467	0,230089560	0,230007783	0,229548365	0,228971273	0,227917537	0,227475449	0,227450579	0,227505773	0,228151232	0,230360016	0,234095156	0,235806957	0,234798491	0,233566776	0,233017862	0,232913315
16:03:18	01.07.2022	0,216747984	0,216927841	0,217567056	0,217956156	0,219187677	0,220862523	0,222896263	0,225719839	0,229746297	0,237940773	0,249954328	0,260228187	0,259858012	0,255262196	0,250875771	0,248819157	0,248331815	0,248216674	0,246890247	0,244665593	0,242346123	0,240613714	0,239059806	0,238058493	0,237624794	0,237712055	0,237811312	0,237681538	0,237223357	0,236316532	0,235788956	0,235927358	0,236010030	0,236674592	0,238746926	0,241866514	0,243660271	0,242810458	0,241755158	0,241531998	0,241740614
16:03:23	01.07.2022	0,217320502	0,217438877	0,217849478	0,218455300	0,219316721	0,220699832	0,222428665	0,224996537	0,228787810	0,237084419	0,249370262	0,259546697	0,258926034	0,254658669	0,249925151	0,247863501	0,247709855	0,247470707	0,246167630	0,243738711	0,241386399	0,239925563	0,238523781	0,237238288	0,237076953	0,237052515	0,237004310	0,236846626	0,236370698	0,235382006	0,234734133	0,234799638	0,234869570	0,235315382	0,237147063	0,240255415	0,241452917	0,240937963	0,240047827	0,240247622	0,240783438
16:03:27	01.07.2022	0,214943916	0,214860782	0,215579569	0,216120750	0,216888815	0,218209952	0,220185474	0,222854018	0,226697952	0,234852225	0,246620625	0,256729275	0,256504804	0,252205342	0,247638375	0,245682046	0,245510027	0,245070517	0,243881792	0,241490245	0,239292294	0,237541407	0,236052111	0,235004917	0,234402001	0,234468043	0,234339207	0,234082595	0,233506411	0,232542202	0,231959611	0,231858283	0,231850386	0,232483968	0,233882561	0,236493960	0,237645388	0,236983895	0,236429051	0,236699775	0,237313613
16:03:31	01.07.2022	0,221143186	0,221084386	0,221557483	0,222230077	0,223275065	0,224361137	0,226425201	0,228755295	0,232796282	0,240765959	0,252854198	0,262681484	0,262185484	0,257666528	0,253423303	0,251593739	0,251326472	0,250862896	0,249663070	0,247148320	0,244910657	0,243193120	0,241928458	0,240747705	0,240677014	0,240240425	0,240017638	0,240131736	0,239278913	0,238407910	0,237700284	0,237658218	0,237994149	0,238007352	0,239610434	0,241904512	0,243097782	0,242406458	0,241818354	0,241695091	0,242138848
16:03:36	01.07.2022	0,215301558	0,215250179	0,215768769	0,216416299	0,217203528	0,218723580	0,220681682	0,222926363	0,226950243	0,234890059	0,246941119	0,257079035	0,256595731	0,252176702	0,247770160	0,245760396	0,245365128	0,244907111	0,243678868	0,241464332	0,238906145	0,237200916	0,236215606	0,234886855	0,234382957	0,234514728	0,234343171	0,234208241	0,233762547	0,232911408	0,232149541	0,231963858	0,231852636	0,232176974	0,233764097	0,236055315	0,237494498	0,236800373	0,236310557	0,236628577	0,237089604
16:03:40	01.07.2022	0,211400792	0,211423278	0,211971983	0,212677434	0,213699579	0,215057597	0,217398137	0,219786599	0,223879084	0,231538579	0,243531629	0,253540397	0,253038019	0,248712897	0,244080052	0,242164344	0,241698667	0,241389185	0,240051925	0,237444222	0,235171035	0,233316198	0,231905967	0,230592921	0,229768008	0,229653776	0,229530767	0,229326263	0,228613198	0,227654025	0,227050662	0,226874769	0,226802632	0,227079734	0,228262246	0,230756357	0,231743649	0,231056303	0,230699286	0,230928212	0,231279522
16:03:44	01.07.2022	0,217149749	0,217313454	0,217943624	0,218809292	0,220048770	0,221235931	0,223178983	0,225861207	0,230035841	0,237632498	0,249574676	0,259660363	0,259098411	0,255015641	0,250670969	0,248870447	0,249039575	0,248429403	0,247446954	0,245087177	0,242752194	0,241309732	0,239996269	0,238943696	0,238437131	0,238333508	0,238436103	0,238113359	0,237193778	0,236573890	0,235727489	0,235601664	0,235944107	0,236489281	0,238343462	0,241124868	0,242568567	0,241932973	0,240894496	0,240708232	0,240733698
16:03:48	01.07.2022	0,211053237	0,211277694	0,212111384	0,212639973	0,213802829	0,215420052	0,217381775	0,219882712	0,224071279	0,231357872	0,242747024	0,252574325	0,252413183	0,248220950	0,244027287	0,242260695	0,242143676	0,241724670	0,240905687	0,238133430	0,236238614	0,234698936	0,233216852	0,232043222	0,231522039	0,231772333	0,231532976	0,231325418	0,230887070	0,229745463	0,228996888	0,228970841	0,228694662	0,229130894	0,230774179	0,233145952	0,234252021	0,233374044	0,232961431	0,232899547	0,233229771
