IntTime:	0,00	PointAvg:	100	ScanAvg:	1	Buffering:	0	LampIntensity:	100	LampMode:	0	SerialNro:	0A13500052B	SensorSeries:	NM	SensorVer:	37	FirmwareVer:	2.04	SoftwareVer:	2.7.0
Time	Date	1550,0000	1560,0000	1570,0000	1580,0000	1590,0000	1600,0000	1610,0000	1620,0000	1630,0000	1640,0000	1650,0000	1660,0000	1670,0000	1680,0000	1690,0000	1700,0000	1710,0000	1720,0000	1730,0000	1740,0000	1750,0000	1760,0000	1770,0000	1780,0000	1790,0000	1800,0000	1810,0000	1820,0000	1830,0000	1840,0000	1850,0000	1860,0000	1870,0000	1880,0000	1890,0000	1900,0000	1910,0000	1920,0000	1930,0000	1940,0000	1950,0000
16:07:28	01.07.2022	0,00000000	0,00000000	0,00000000	0,00000000	0,00000000	0,00000000	0,00000000	0,00000000	0,00000000	0,00000000	0,00000000	0,00000000	0,00000000	0,00000000	0,00000000	0,00000000	0,00000000	0,00000000	0,00000000	0,00000000	0,00000000	0,00000000	0,00000000	0,00000000	0,00000000	0,00000000	0,00000000	0,00000000	0,00000000	0,00000000	0,00000000	0,00000000	0,00000000	0,00000000	0,00000000	0,00000000	0,00000000	0,00000000	0,00000000	0,00000000	0,00000000
16:07:28	01.07.2022	0,00000000	0,00000000	0,00000000	0,00000000	0,00000000	0,00000000	0,00000000	0,00000000	0,00000000	0,00000000	0,00000000	0,00000000	0,00000000	0,00000000	0,00000000	0,00000000	0,00000000	0,00000000	0,00000000	0,00000000	0,00000000	0,00000000	0,00000000	0,00000000	0,00000000	0,00000000	0,00000000	0,00000000	0,00000000	0,00000000	0,00000000	0,00000000	0,00000000	0,00000000	0,00000000	0,00000000	0,00000000	0,00000000	0,00000000	0,00000000	0,00000000
16:07:28	01.07.2022	0,202417210	0,202591062	0,203388542	0,204188868	0,205455840	0,206814036	0,209447548	0,212048575	0,216205269	0,224849373	0,237048447	0,248017535	0,248137921	0,243661404	0,239014700	0,237087861	0,236715078	0,236259490	0,234651700	0,232338667	0,229629532	0,228150442	0,226780996	0,225334600	0,225236490	0,225342467	0,224859327	0,224796116	0,224065423	0,223139256	0,222386330	0,222195700	0,222082287	0,222315744	0,223282933	0,224838823	0,225648716	0,225194529	0,225176096	0,225599885	0,226613894
16:07:33	01.07.2022	0,194958001	0,195062354	0,195518926	0,196564272	0,197587445	0,199073404	0,201665327	0,204637140	0,208911777	0,217178226	0,229374677	0,240020066	0,239976749	0,235755861	0,231034189	0,229185164	0,228793427	0,228385881	0,226984516	0,224854633	0,222605780	0,220641583	0,219470769	0,217986345	0,217495546	0,217955217	0,217713654	0,217418581	0,217115447	0,216289863	0,215237513	0,215211809	0,215140983	0,215380952	0,216786072	0,218783632	0,219711632	0,219082534	0,218848631	0,219352230	0,220105916
16:07:37	01.07.2022	0,204125941	0,204332009	0,204844519	0,205723941	0,206794962	0,208312303	0,210667372	0,213670671	0,217865169	0,226433039	0,238888234	0,249675959	0,249566257	0,245194778	0,240172684	0,238191664	0,237849802	0,237400889	0,235766068	0,233562961	0,231139421	0,229578197	0,228213698	0,227117598	0,226367339	0,226614118	0,226229742	0,226096362	0,225977167	0,224857509	0,224175200	0,224187732	0,224379882	0,224508658	0,226460382	0,228964522	0,230321035	0,229762822	0,228964254	0,229356900	0,229957893
16:07:41	01.07.2022	0,197740838	0,197957739	0,198527545	0,199119255	0,200168058	0,201424748	0,203870341	0,206745282	0,210921884	0,219483256	0,232288286	0,243194804	0,243305519	0,238456950	0,233602047	0,231706753	0,230967954	0,230629936	0,229220673	0,226707593	0,224182785	0,222343400	0,221274838	0,219920203	0,219523415	0,219511062	0,219353855	0,219409496	0,218704209	0,218013361	0,216626480	0,216769055	0,217192441	0,217699900	0,219196156	0,221797436	0,222760439	0,221974298	0,221696377	0,222322449	0,222910494
16:07:46	01.07.2022	0,191589028	0,191938400	0,192550048	0,193352848	0,194608942	0,195923254	0,198491648	0,201506510	0,205545798	0,213927314	0,226054579	0,236621559	0,236810058	0,232294694	0,227895886	0,226149291	0,225827724	0,225549713	0,224122152	0,221750975	0,219073579	0,217805117	0,216324314	0,214780763	0,214506552	0,214762121	0,214618817	0,214526832	0,213911474	0,213118196	0,212210119	0,212064445	0,212003112	0,212380797	0,213542700	0,215671480	0,216611952	0,216208681	0,216174141	0,216848582	0,217534199
16:07:50	01.07.2022	0,199988380	0,199934468	0,200768888	0,201776698	0,202611893	0,204236209	0,206549197	0,209227234	0,213333100	0,221743822	0,233908147	0,244522437	0,244474977	0,240137413	0,235233858	0,233275488	0,233023047	0,232597485	0,231081814	0,228814200	0,226366907	0,224848777	0,223501593	0,222129211	0,221940979	0,222290665	0,222201824	0,222279996	0,221463248	0,220688134	0,219928101	0,219992280	0,220231935	0,220685333	0,222590312	0,225636348	0,227044672	0,226197749	0,225472182	0,225429028	0,226013497
16:07:54	01.07.2022	0,207095101	0,207308382	0,207818955	0,208505139	0,209286705	0,210514694	0,212903023	0,215790257	0,219951004	0,228534728	0,240845323	0,251452357	0,251472503	0,246533528	0,241685018	0,239811510	0,239392146	0,238855883	0,237558275	0,235561907	0,233088568	0,231650606	0,230054483	0,228747308	0,228530437	0,228537008	0,228258088	0,228396952	0,227710471	0,226757601	0,225832641	0,225586131	0,225529224	0,225844651	0,227754205	0,230136082	0,231149435	0,230452597	0,230185777	0,230307713	0,230804801
16:07:58	01.07.2022	0,194727644	0,195251867	0,195766360	0,196312025	0,197214171	0,198838487	0,201182783	0,204089791	0,208051980	0,216459155	0,228565171	0,239135355	0,238865852	0,234368697	0,229368538	0,227483362	0,226740763	0,226130769	0,224179760	0,222056553	0,219570711	0,217696220	0,216568381	0,214995891	0,214910328	0,214802951	0,214503929	0,214469060	0,213823065	0,212756395	0,211660400	0,211805984	0,211683065	0,212146610	0,213986024	0,216582999	0,217878476	0,217139900	0,216518566	0,216772288	0,217288062
16:08:03	01.07.2022	0,196054474	0,196509734	0,197027966	0,197619677	0,198745564	0,200247943	0,202754736	0,205665290	0,209561482	0,217986763	0,230154559	0,240477696	0,240638450	0,236051172	0,231320217	0,229789138	0,229405537	0,228950575	0,227552369	0,225351691	0,223066121	0,221245527	0,220031768	0,218851924	0,218375340	0,218449861	0,217884406	0,217707753	0,217416197	0,216397971	0,215223536	0,215473190	0,215375036	0,215780556	0,217301756	0,219887689	0,220995203	0,220330119	0,219551265	0,219512776	0,220009506
16:08:07	01.07.2022	0,199560851	0,199901000	0,200490281	0,201464713	0,202557668	0,203911945	0,206643879	0,209807575	0,213646948	0,222173199	0,234131366	0,244849607	0,244631171	0,239986733	0,234990731	0,233378798	0,232905045	0,232383490	0,230992272	0,229387805	0,226877049	0,225385576	0,223969087	0,222696155	0,222483709	0,222326458	0,221495613	0,221489668	0,220644802	0,219585910	0,218833417	0,218686357	0,218930945	0,219413668	0,220929712	0,222906649	0,224004984	0,222988307	0,222213060	0,222408831	0,223022476
16:08:11	01.07.2022	0,210901558	0,210534155	0,211125210	0,211965188	0,212956414	0,214221463	0,216688856	0,219661966	0,223780796	0,232740313	0,245415136	0,257210195	0,257139504	0,253386438	0,248656675	0,246727616	0,246144906	0,245874926	0,243931502	0,242385924	0,239224449	0,236880660	0,234763950	0,234424561	0,235313460	0,236144036	0,235122502	0,234383121	0,233432755	0,232426986	0,232170358	0,233028218	0,234007165	0,234759107	0,237211958	0,241720974	0,244274542	0,243731499	0,242644191	0,242673650	0,242923215
16:08:16	01.07.2022	0,215458825	0,215745330	0,216176614	0,217089489	0,217911050	0,219143599	0,221701339	0,224811450	0,228871167	0,237936839	0,250992060	0,261729538	0,261551201	0,256984919	0,251454443	0,249435812	0,248839229	0,248039752	0,246510103	0,243585244	0,240795925	0,238473400	0,236880839	0,235436395	0,234928519	0,234931856	0,234510854	0,234693557	0,234434471	0,233265966	0,232085884	0,232312426	0,232555777	0,233536944	0,235962749	0,239188209	0,240731627	0,240240157	0,239644766	0,239952281	0,240745053
16:08:20	01.07.2022	0,201367080	0,202007651	0,202231437	0,202963859	0,204041883	0,205509365	0,207794219	0,210576445	0,214971125	0,223599687	0,236184075	0,246626928	0,246716917	0,242172569	0,237101793	0,235307187	0,234921485	0,234436959	0,232967675	0,230569229	0,228087708	0,226321742	0,224786088	0,223543555	0,223347783	0,223658785	0,223237664	0,223138347	0,223052070	0,221910089	0,221181124	0,220998392	0,221296683	0,221708968	0,223367348	0,226334125	0,227899209	0,227055073	0,226360753	0,226591170	0,226996914
16:08:24	01.07.2022	0,209735319	0,210191756	0,210803926	0,211593062	0,212829247	0,214265764	0,216677636	0,219413280	0,223476604	0,232115790	0,244267404	0,254942983	0,255120903	0,250341326	0,245594010	0,243817672	0,243573681	0,242984533	0,241661996	0,239119202	0,236915544	0,234920606	0,233498558	0,232377782	0,232264772	0,232367933	0,232118711	0,232163727	0,231851175	0,230763316	0,229939133	0,230238602	0,230263323	0,230933413	0,233175039	0,236577824	0,238000721	0,237414747	0,236520916	0,236547425	0,236709997
16:08:28	01.07.2022	0,204324588	0,204939708	0,205821186	0,206620634	0,208001405	0,209384322	0,212090597	0,214825794	0,219096050	0,227715284	0,239494309	0,249894083	0,250237912	0,246341646	0,241806060	0,240171745	0,240230069	0,239699572	0,238383397	0,236345485	0,234030277	0,232583463	0,231602028	0,230469584	0,230196521	0,230310261	0,229853332	0,229950339	0,229676053	0,228608072	0,227426276	0,227025732	0,226971328	0,226883203	0,228478432	0,231453001	0,232744738	0,232012302	0,231669635	0,231454149	0,231898248
16:08:33	01.07.2022	0,217276827	0,217701599	0,218411595	0,219503805	0,220610172	0,221982285	0,225095034	0,227720261	0,232108369	0,240652993	0,253001958	0,263663709	0,264079332	0,259806305	0,255426973	0,254140258	0,253980339	0,253544688	0,252311707	0,250464171	0,248210266	0,246984541	0,246126741	0,245123774	0,244863391	0,245598748	0,245673075	0,246036559	0,245849073	0,245031923	0,244554698	0,244957432	0,245441422	0,245869190	0,247840554	0,251193315	0,253314942	0,253304720	0,253333479	0,254065126	0,255343139
16:08:37	01.07.2022	0,199267417	0,199523032	0,200194091	0,200818747	0,201757506	0,203155443	0,205277815	0,207996562	0,212071151	0,220723629	0,232898399	0,243699327	0,243246377	0,238735169	0,233564511	0,231422082	0,231348038	0,230682820	0,229200527	0,226897597	0,224294975	0,222774401	0,221031114	0,219811887	0,219376385	0,219133854	0,218752101	0,218894556	0,218257412	0,217434734	0,216452643	0,216396436	0,216828838	0,217609227	0,219562083	0,222439468	0,223719522	0,223361850	0,222953662	0,222908542	0,223463088
16:08:41	01.07.2022	0,194445312	0,194965139	0,195685685	0,196686596	0,197527811	0,199198246	0,202200681	0,205185175	0,209615096	0,218612641	0,231039301	0,242140472	0,242139742	0,237800390	0,233063102	0,231058151	0,230689019	0,230555758	0,229217559	0,227018178	0,224921629	0,223256454	0,221805900	0,220611423	0,220479459	0,220797136	0,220633447	0,221050277	0,220380589	0,219898462	0,218869835	0,218449101	0,218586698	0,218953907	0,220637411	0,222863913	0,223486081	0,223075956	0,222779855	0,223408446	0,223964229
16:08:46	01.07.2022	0,200595692	0,200847849	0,201284826	0,202179641	0,203099698	0,204755008	0,207526863	0,210292861	0,214538798	0,222985238	0,235347465	0,246059865	0,246078297	0,241624013	0,237130672	0,235050455	0,234876901	0,234274253	0,232727394	0,230898082	0,228233010	0,226488382	0,225136459	0,224008411	0,223441347	0,223942339	0,223534584	0,223206326	0,222623765	0,221824750	0,220704958	0,220698461	0,220798939	0,220684901	0,222102106	0,224359274	0,225196838	0,224679515	0,224582553	0,225010499	0,225573391
16:08:50	01.07.2022	0,201864943	0,202390313	0,203006610	0,203868732	0,205037072	0,206770539	0,209513977	0,212372601	0,216590002	0,224908069	0,237405941	0,247786552	0,248337626	0,243861645	0,239198402	0,237703949	0,237168700	0,236843020	0,235326990	0,233078077	0,230914608	0,229155600	0,227708459	0,226004139	0,225637570	0,225777775	0,225263059	0,224994242	0,224528670	0,223210961	0,222005203	0,222146779	0,221924976	0,222425506	0,223876491	0,225928262	0,226952508	0,226748005	0,226456150	0,226970538	0,227839664
